1279134507915542568
1232103434757345332
842461501889445918
1292432836183330862
1238891356760576122
1380671563694608474
1370279732637335555
132862769[nope_fuck_you_cord]5277576192
1340136313961316362
1370338490549534760
1371932491182637230
1276556792247353559
1362089339752026294
1356562405827805314
1397691631699886212
1387052375373643798
1111923335371169824
1337619427654373440
1346170331051720794
1197803178637402205
1147916759647666246
1210596608601890886
1249289319563133052
1276084161756528715
1014813922068533251
1258882961336565893
647366657659895819
1269962256242970696
692509166706884659
1412008536346722334
1267399602450202656
923430925570818068
177632842426089472
1112660700876259370
1338577046334603395
1320094050526691493
655635217117085706
1186773657230516349
363244987585921024
1111318813493968940
1185943241250582590
1398775705705382060
1286291763136565373
1289704794247659662
1363192826984140930
1385437710717554708
1073928293096632422
1122763950354866267
1415925492464488562
801950395324825602
873826135857823774
762311378693259315
1349711113394323561
1222414359968354307
1067927554872332379
1200976141536739389
1251168899454468122
1377475905261146132
1385200755245318164
1114715924222713928
987902129178042408
1155877610358853672
1061348662644592740
1417001378622210058
430362688292651009
1395604575385292942
977475277057822781
1363567101146562600
1076779937786249296
1190695807125553152
1398953941005369384
1363567101146562600
962144170523365496
1222409071596929046
1286323151663399056
1041345745376260198
1394505469531390037
1322019873169211478
889994599983104021
1394202472515375170
1419279911230902376
1376018625030262835
1249289319563133052
970850921649168414
1371605051734229115
1146731485546680400
1403861476409868308
960835344209678347
1414940691775230135
1414337839906422794
1121044127757377648
987902129178042408
1405966357228687564
1367472935148982304
1411092908810965012
1080325204460441620
1337799705257709588
1105544130718859324
1218691111162478622
1383947188345901177
1392824572922953728
1159752669833990225
1288152294851870824
1015031927780159640
1404195504635773060
1249226516311838839
957413128000381019
904715555506905108
1421854204435238912
1407819300705665178
1407650505580216433
1422110082807631993
1234500696586321964
957413128000381019\
1013581350114185226
1417402005403734036
865875935059771393
1304871006166585375
865875935059771393
1015031927780159640
1289704794247659662
1422646175697207306
1410655107988590622
1352758901203796040
man.gro
1080325204460441620
1416651230930796575
1413215441387782298
589104544277856400
1370169912265281637
1413811794107174954
938859936144850974
1366431562752725013
1361747820943642874
707941934265532459
677537523437797390
590609909834317824
1149296144376156291
1409547015880179773
1098566884233850900
1098566884233850900
1419377985831702711
1405983486720081923
944121486438961183
1406260995550085150
1395847495044694170
1034499999276482580
1367233631659102259
1268182211908337728
1405983486720081923
1396829748398657649
1080556023556874340
870140193926152222
1211270348696457216
1354736035279405139
768101462773334053
728742615113007106
1425550055267369182
1203472101273772075
1299862618562887689
1384383718428512358
1105952558524149811
1012466435399884800
1289704794247659662
1425526661427888291
812381160293662730
1426232392686764102
1233529006351974460
1426303144731607121
1377297965554860103
1329100881148514366
939710233633243186
1426565038738509914
1273912568809001030
1297603291433144394
1210596608601890886
1398067652680880128
1398067652680880128
1394753346543550619
1110357909759594519
1424546321108303972
1385291015035949206
1391591364587683850
1386151417126850600
1383143837110898839
1426126896474751016
910287638550937670
1147930454285094945
1365738525600907394
1420814952373026898
879986584307519518
1164959828825866321
1306557215355699291
1427340298840834048
1418241480535052378
1391885572733403177
1082079660952801421
1400502112106053674
1054282732563333140
1398067652680880128
1158880769083723906
1428386618494025810
1242644530243571763
582905176017469441
923883661194043413
1381878160886599682
1428820478042177537
1429033938466246757
923883661194043413
881939631971651655
1429063515766915202
1254322058150543400
1428819238168297643
1019237332135706716
1353343843520741427
1410571704568119297
1279517740704731206
1429572612404805736
1384300164126085232
1429607508309315616
590609909834317824
1147523710371254334
1422024596751782012
1393651078108680333
1427353011163762839
1061739284127813683
920512358609215489
1388263047554142382
752053683449102416
1412548658263621765
1386956293809635330
905267744885338122
1382783096432365610
1430607773053485247
779011187404439552
1135439332740706396
1429185416333889717
1321934748896989267
1430982944586993708
1138074676711657563
1236381205902135489
1422024596751782012
1404169949915648103
1430870760313983070
1430821761049432156
1427094586832060486
1338735924854525953
1312488083005898863
1317782541213634592
1327716636475654198
907995379914670160
1243284415262621807
scater0497
1346855759400403006
1424736957350805635
1353295333245063208
1365738525600907394
1402227623840452732
1109772533428916294
1093604633370439750
1086130502488035369
1426832355909439549
966484544985374821
1411948205993758751
627842753086095378
1428837915160608934
1379110042388926635
1087596645266493491
1272710770232135720
314562311882801163
1414682531395145818
1037480178244386897
1381340799396217002
1281495465036087346
1069162771243081758
1375733143390130287
1405006901489696809
1312204066331562046
893651246538440774
1371027354817794109
1143835570133540864
824302364823519283
1358382973568946276
1196056549521641523
1435706030796570625
1184660690187849828
1162795375883722882
1194487153544142888
1424126416051507334
1331023038623383645
1273608909231226984
1247390685716545601
1436489965327487016
1354252732831240273
680789583461351434
1083446222301446314
1431666710200582175
899403040145170502
1253522294320664648
1437085680625909924
1150573278872735784
1321481847099756622
1190408321186943056
1297603291433144394
1249506363898331151
1297603291433144394
889892384723316786
706782739344523315
819200736273236018
1438504665447927868
1398953941005369384
865273819660943400
1249226516311838839
1433581316598792247
1428469722025824309
1299862618562887689
1341156067396161536
1204534674945216579
1430870760313983070
1100801860606111744
1441847641922207985
1292021764565635102
1437082313992310916
1340772291180757092
979006906901356575
1082079660952801421
1279565581472895014
855443923283083314
1312204066331562046
1172986660116512781
1426275748599173300
926786096455639061
767012862454792253
1159555371279597770
1422343607918006447
1371855219855720468
1397449841545711636
1429459760671101063